,node,minority,indegree,outdegree,pagerank,wtf
0,993,0,2,108,0.00035842522810267043,0
1,859,0,1,21,0.00018931350961468564,0
2,298,0,1,46,0.00016273271705507492,0
3,553,0,0,32,0.00014999999999999982,0
4,672,0,0,33,0.00014999999999999982,0
5,971,0,0,20,0.00014999999999999982,0
6,27,0,0,24,0.00014999999999999982,0
7,231,0,0,15,0.00014999999999999982,0
8,306,0,0,20,0.00014999999999999982,0
9,706,0,0,18,0.00014999999999999982,0
10,496,0,0,25,0.00014999999999999982,0
11,558,0,1,19,0.00016105782083100846,0
12,784,0,0,24,0.00014999999999999982,0
13,239,0,0,18,0.00014999999999999982,0
14,578,0,1,20,0.00018131441746410985,0
15,55,0,0,21,0.00014999999999999982,0
16,906,0,1,43,0.00022326611632052742,0
17,175,0,0,43,0.00014999999999999982,0
18,14,0,0,41,0.00014999999999999982,0
19,77,0,2,13,0.0002349266638041938,0
20,31,0,0,38,0.00014999999999999982,0
21,481,0,0,16,0.00014999999999999982,0
22,310,0,0,20,0.00014999999999999982,0
23,311,0,0,22,0.00014999999999999982,0
24,883,0,0,24,0.00014999999999999982,0
25,788,0,1,28,0.00032312141381662685,3
26,45,0,0,28,0.00014999999999999982,0
27,103,0,0,21,0.00014999999999999982,0
28,760,0,0,14,0.00014999999999999982,0
29,1,0,0,34,0.00014999999999999982,0
30,823,0,0,39,0.00014999999999999982,0
31,710,0,1,21,0.00016273271705507492,0
32,614,0,0,43,0.00014999999999999982,0
33,790,0,0,18,0.00014999999999999982,0
34,408,0,0,27,0.00014999999999999982,0
35,736,0,0,20,0.00014999999999999982,0
36,957,0,0,18,0.00014999999999999982,0
37,366,0,0,23,0.00014999999999999982,0
38,918,0,0,15,0.00014999999999999982,0
39,267,0,0,18,0.00014999999999999982,0
40,230,0,0,21,0.00014999999999999982,0
41,996,0,0,18,0.00014999999999999982,0
42,635,0,0,38,0.00014999999999999982,0
43,698,0,1,22,0.0002491582666789229,0
44,251,0,2,25,0.0002026437518140568,0
45,783,0,0,22,0.00014999999999999982,0
46,819,0,0,35,0.00014999999999999982,0
47,141,0,2,20,0.0003451487830236202,3
48,316,0,1,24,0.00026883430814885617,0
49,587,0,1,17,0.0002398985498468137,0
50,331,0,0,30,0.00014999999999999982,0
51,295,0,3,79,0.000344670772752561,0
52,262,0,0,18,0.00014999999999999982,0
53,432,0,0,17,0.00014999999999999982,0
54,862,0,0,39,0.00014999999999999982,0
55,582,0,1,32,0.00019644770587189252,0
56,272,0,0,14,0.00014999999999999982,0
57,270,0,0,27,0.00014999999999999982,0
58,987,0,0,75,0.00014999999999999982,0
59,319,0,0,36,0.00014999999999999982,0
60,569,0,0,20,0.00014999999999999982,0
61,643,0,3,17,0.0006299204066867713,0
62,142,0,1,23,0.0001726364811045396,0
63,202,0,2,79,0.00039156632154918434,0
64,413,0,0,21,0.00014999999999999982,0
65,196,0,0,16,0.00014999999999999982,0
66,264,0,1,20,0.00019144596582162785,0
67,531,0,0,32,0.00014999999999999982,0
68,252,0,2,15,0.0004860424369347023,0
69,576,0,0,44,0.00014999999999999982,0
70,738,0,0,44,0.00014999999999999982,0
71,299,0,0,13,0.00014999999999999982,0
72,740,0,0,50,0.00014999999999999982,0
73,247,0,0,21,0.00014999999999999982,0
74,926,0,2,40,0.0004913401768440536,0
75,412,0,3,17,0.0004721525285402512,0
76,389,0,0,22,0.00014999999999999982,0
77,796,0,0,38,0.00014999999999999982,0
78,601,0,0,46,0.00014999999999999982,0
79,654,0,2,39,0.00023741924975391316,0
80,261,0,0,28,0.00014999999999999982,0
81,456,0,6,20,0.0011081290803913561,0
82,386,0,2,16,0.0004633802424922116,3
83,982,0,0,22,0.00014999999999999982,0
84,909,0,0,21,0.00014999999999999982,0
85,693,0,0,68,0.00014999999999999982,0
86,236,0,1,26,0.00016675632907401858,0
87,501,0,0,19,0.00014999999999999982,0
88,497,0,0,38,0.00014999999999999982,0
89,874,0,1,79,0.00018974257010899616,0
90,452,0,1,31,0.00020498896398657334,0
91,494,0,3,25,0.000359360012370407,0
92,923,0,0,12,0.00014999999999999982,0
93,279,0,2,22,0.0004946191290859948,0
94,638,0,0,47,0.00014999999999999982,0
95,485,0,1,23,0.0001613489429087375,0
96,568,0,0,20,0.00014999999999999982,0
97,108,0,1,58,0.00026549936289957995,0
98,367,0,0,39,0.00014999999999999982,0
99,644,0,1,20,0.00019561315418950798,0
100,785,0,1,22,0.00028482646727283356,0
101,873,0,0,52,0.00014999999999999982,0
102,65,0,1,36,0.00032312141381662685,1
103,902,0,0,19,0.00014999999999999982,0
104,317,0,5,22,0.0005479060504449872,0
105,636,0,1,31,0.00027672297856180794,0
106,666,0,0,53,0.00014999999999999982,0
107,789,0,0,34,0.00014999999999999982,0
108,958,0,0,45,0.00014999999999999982,0
109,214,0,0,22,0.00014999999999999982,0
110,97,0,1,19,0.0003983788191837393,0
111,583,0,1,23,0.00019561315418950798,0
112,466,0,2,27,0.000505089008597044,0
113,523,0,2,30,0.00029967785597840717,0
114,255,0,0,26,0.00014999999999999982,0
115,385,0,0,27,0.00014999999999999982,0
116,545,0,0,20,0.00014999999999999982,0
117,382,0,0,14,0.00014999999999999982,0
118,489,0,0,18,0.00014999999999999982,0
119,513,0,0,16,0.00014999999999999982,0
120,780,0,1,22,0.0005569451502192521,0
121,904,0,2,16,0.00027638155149045966,0
122,122,0,3,22,0.0003651465496499553,0
123,946,0,2,35,0.00031125149397405916,0
124,60,0,0,32,0.00014999999999999982,0
125,844,0,0,24,0.00014999999999999982,0
126,372,0,0,18,0.00014999999999999982,0
127,283,0,0,27,0.00014999999999999982,0
128,939,0,0,28,0.00014999999999999982,0
129,608,0,0,22,0.00014999999999999982,0
130,495,0,2,20,0.0004629982990967838,0
131,630,0,1,21,0.00016867131356984702,0
132,596,0,0,40,0.00014999999999999982,0
133,713,0,0,20,0.00014999999999999982,0
134,753,0,0,18,0.00014999999999999982,0
135,624,0,0,39,0.00014999999999999982,0
136,312,0,0,37,0.00014999999999999982,0
137,8,0,0,41,0.00014999999999999982,0
138,529,0,0,27,0.00014999999999999982,0
139,876,0,0,27,0.00014999999999999982,0
140,101,0,0,19,0.00014999999999999982,0
141,615,0,0,19,0.00014999999999999982,0
142,520,0,4,25,0.0005434231189657639,4
143,249,0,0,47,0.00014999999999999982,0
144,278,0,0,18,0.00014999999999999982,0
145,424,0,0,16,0.00014999999999999982,0
146,384,0,2,31,0.0005214139996220821,0
147,395,0,0,39,0.00014999999999999982,0
148,54,0,1,20,0.00018254939517512814,0
149,34,0,0,13,0.00014999999999999982,0
150,271,0,0,44,0.00014999999999999982,0
151,30,0,0,20,0.00014999999999999982,0
152,403,0,1,19,0.00021044291955107797,0
153,757,0,5,28,0.0007829423255439821,0
154,975,0,1,21,0.00019265068561299692,0
155,990,0,0,67,0.00014999999999999982,0
156,457,0,0,28,0.00014999999999999982,0
157,362,0,0,13,0.00014999999999999982,0
158,860,0,1,36,0.00015964733199673846,0
159,483,0,1,18,0.0007275270008974963,0
160,580,0,0,54,0.00014999999999999982,0
161,986,0,1,30,0.00035707105195231824,0
162,688,0,0,26,0.00014999999999999982,0
163,864,0,0,28,0.00014999999999999982,0
164,927,0,1,25,0.00019561315418950798,0
165,378,0,1,18,0.00021378389786299272,0
166,320,0,2,18,0.0003231706844337007,0
167,942,0,2,41,0.0004973726718680854,0
168,351,0,1,19,0.0006763938320654099,0
169,418,0,0,25,0.00014999999999999982,0
170,945,0,3,19,0.00025146637362205945,0
171,795,0,0,19,0.00014999999999999982,0
172,145,0,0,20,0.00014999999999999982,0
173,826,0,0,24,0.00014999999999999982,0
174,492,0,0,34,0.00014999999999999982,0
175,751,0,0,18,0.00014999999999999982,0
176,240,0,1,37,0.0003412692660734824,0
177,648,0,0,20,0.00014999999999999982,0
178,886,0,0,42,0.00014999999999999982,0
179,144,0,0,21,0.00014999999999999982,0
180,767,0,0,36,0.00014999999999999982,0
181,999,0,0,18,0.00014999999999999982,0
182,467,0,2,28,0.00029578675775575954,0
183,315,0,0,85,0.00014999999999999982,0
184,989,0,0,17,0.00014999999999999982,0
185,922,0,0,21,0.00014999999999999982,0
186,717,0,1,20,0.0003230282337352343,0
187,458,0,1,26,0.0002491582666789229,0
188,773,0,1,23,0.00018217426932268238,0
189,204,0,0,37,0.00014999999999999982,0
190,834,0,0,34,0.00014999999999999982,0
191,832,0,0,57,0.00014999999999999982,0
192,435,0,0,45,0.00014999999999999982,0
193,5,0,3,135,0.0013502950568326628,0
194,769,0,2,14,0.0003780254139901783,0
195,679,0,2,17,0.0007692997471052504,0
196,722,0,0,19,0.00014999999999999982,0
197,215,0,0,21,0.00014999999999999982,0
198,653,0,0,26,0.00014999999999999982,0
199,150,0,0,22,0.00014999999999999982,0
200,687,0,0,22,0.00014999999999999982,0
201,500,0,1,55,0.00045763010175908916,0
202,332,0,1,33,0.00018244710771915377,0
203,979,0,0,24,0.00014999999999999982,0
204,817,0,0,51,0.00014999999999999982,0
205,620,0,0,37,0.00014999999999999982,0
206,814,0,0,23,0.00014999999999999982,0
207,516,0,0,21,0.00014999999999999982,0
208,518,0,0,18,0.00014999999999999982,0
209,940,0,0,21,0.00014999999999999982,0
210,113,0,0,38,0.00014999999999999982,0
211,612,0,0,55,0.00014999999999999982,0
212,37,0,3,37,0.0003014248759869021,0
213,894,0,0,37,0.00014999999999999982,0
214,895,0,0,17,0.00014999999999999982,0
215,992,0,0,42,0.00014999999999999982,0
216,158,0,0,20,0.00014999999999999982,0
217,154,0,0,17,0.00014999999999999982,0
218,40,0,2,22,0.00020096549399136902,0
219,585,0,1,30,0.00024013240582114014,0
220,805,0,0,20,0.00014999999999999982,0
221,592,0,3,18,0.0006201138719331471,0
222,964,0,0,97,0.00014999999999999982,0
223,266,0,0,19,0.00014999999999999982,0
224,406,0,0,61,0.00014999999999999982,0
225,294,0,1,19,0.00028482646727283356,0
226,604,0,0,24,0.00014999999999999982,0
227,522,0,0,14,0.00014999999999999982,0
228,18,0,0,18,0.00014999999999999982,0
229,425,0,0,26,0.00014999999999999982,0
230,527,0,1,28,0.0001795494885034803,0
231,308,0,1,21,0.00032312141381662685,3
232,622,0,3,72,0.0008278079128955784,0
233,794,0,2,30,0.00026471208214215545,0
234,62,0,0,20,0.00014999999999999982,0
235,79,0,1,23,0.0006151176950931243,0
236,680,0,0,18,0.00014999999999999982,0
237,193,0,0,37,0.00014999999999999982,0
238,750,0,0,20,0.00014999999999999982,0
239,181,0,0,35,0.00014999999999999982,0
240,535,0,0,23,0.00014999999999999982,0
241,484,0,0,59,0.00014999999999999982,0
242,200,0,0,116,0.00014999999999999982,0
243,364,0,1,17,0.00021903925632106412,0
244,991,0,0,30,0.00014999999999999982,0
245,462,0,1,41,0.0002491582666789229,0
246,356,0,0,19,0.00014999999999999982,0
247,2,0,0,20,0.00014999999999999982,0
248,478,0,1,41,0.0003983788191837393,0
249,695,0,0,83,0.00014999999999999982,0
250,253,0,0,25,0.00014999999999999982,0
251,667,0,2,26,0.00031999323967601913,0
252,85,0,0,19,0.00014999999999999982,0
253,969,0,0,42,0.00014999999999999982,0
254,75,0,1,46,0.00018931350961468564,0
255,786,0,0,24,0.00014999999999999982,0
256,658,0,0,68,0.00014999999999999982,0
257,465,0,0,38,0.00014999999999999982,0
258,920,0,0,38,0.00014999999999999982,0
259,38,0,1,16,0.00024535813802368394,0
260,944,0,0,21,0.00014999999999999982,0
261,725,0,0,31,0.00014999999999999982,0
262,436,0,0,37,0.00014999999999999982,0
263,140,0,0,21,0.00014999999999999982,0
264,818,0,0,15,0.00014999999999999982,0
265,602,0,0,19,0.00014999999999999982,0
266,745,0,2,40,0.00019705344779160478,0
267,471,0,0,26,0.00014999999999999982,0
268,342,0,2,29,0.00024002244539454617,0
269,416,0,1,17,0.0004348235244990141,0
270,711,0,0,80,0.00014999999999999982,0
271,557,0,0,22,0.00014999999999999982,0
272,50,0,1,21,0.00017826374902884517,0
273,162,0,0,16,0.00014999999999999982,0
274,765,0,4,43,0.0007342115124654846,0
275,856,0,0,20,0.00014999999999999982,0
276,867,0,0,77,0.00014999999999999982,0
277,524,0,2,20,0.0004878759215295608,0
278,443,0,0,19,0.00014999999999999982,0
279,172,0,0,32,0.00014999999999999982,0
280,956,0,0,15,0.00014999999999999982,0
281,330,0,1,21,0.0004348235244990141,0
282,352,0,0,36,0.00014999999999999982,0
283,857,0,0,36,0.00014999999999999982,0
284,766,0,0,17,0.00014999999999999982,0
285,39,0,0,13,0.00014999999999999982,0
286,852,0,0,26,0.00014999999999999982,0
287,875,0,0,30,0.00014999999999999982,0
288,156,0,1,18,0.0001741073713991289,0
289,222,0,0,39,0.00014999999999999982,0
290,641,0,0,20,0.00014999999999999982,0
291,210,0,0,17,0.00014999999999999982,0
292,746,0,1,19,0.00032453998396934686,0
293,960,0,0,21,0.00014999999999999982,0
294,700,0,0,27,0.00014999999999999982,0
295,167,0,0,22,0.00014999999999999982,0
296,998,0,2,29,0.0003555685215357808,2
297,984,0,0,38,0.00014999999999999982,0
298,491,0,0,39,0.00014999999999999982,0
299,10,0,0,19,0.00014999999999999982,0
300,105,0,0,24,0.00014999999999999982,0
301,68,0,1,13,0.00027273201340032797,0
302,479,0,0,19,0.00014999999999999982,0
303,399,0,2,20,0.00022349461712488732,0
304,434,0,0,48,0.00014999999999999982,0
305,258,0,0,49,0.00014999999999999982,0
306,827,0,0,23,0.00014999999999999982,0
307,884,0,1,41,0.00016675632907401858,0
308,304,0,0,15,0.00014999999999999982,0
309,811,0,1,15,0.00018254939517512814,0
310,938,0,0,12,0.00014999999999999982,0
311,924,0,1,12,0.00024535813802368394,0
312,526,0,1,18,0.00021183484130350954,0
313,20,0,1,21,0.0003469158247383583,0
314,905,0,0,20,0.00014999999999999982,0
315,380,0,0,18,0.00014999999999999982,0
316,420,0,0,31,0.00014999999999999982,0
317,285,0,0,34,0.00014999999999999982,0
318,71,0,0,19,0.00014999999999999982,0
319,49,0,0,36,0.00014999999999999982,0
320,179,0,0,22,0.00014999999999999982,0
321,506,0,0,148,0.00014999999999999982,0
322,929,0,0,29,0.00014999999999999982,0
323,116,0,0,23,0.00014999999999999982,0
324,293,0,0,19,0.00014999999999999982,0
325,76,0,0,36,0.00014999999999999982,0
326,48,0,0,36,0.00014999999999999982,0
327,503,0,0,18,0.00014999999999999982,0
328,263,0,0,23,0.00014999999999999982,0
329,808,0,0,50,0.00014999999999999982,0
330,863,0,0,35,0.00014999999999999982,0
331,748,0,0,57,0.00014999999999999982,0
332,64,0,0,20,0.00014999999999999982,0
333,798,0,1,15,0.00018931350961468564,0
334,52,0,1,20,0.00015457149169471808,0
335,440,0,0,22,0.00014999999999999982,0
336,124,0,2,25,0.00023758292413525664,0
337,650,0,0,21,0.00014999999999999982,0
338,409,0,0,19,0.00014999999999999982,0
339,752,0,1,20,0.0004425351781021621,0
340,952,0,0,23,0.00014999999999999982,0
341,477,0,0,48,0.00014999999999999982,0
342,118,0,0,25,0.00014999999999999982,0
343,12,0,0,47,0.00014999999999999982,0
344,157,0,0,17,0.00014999999999999982,0
345,337,0,0,17,0.00014999999999999982,0
346,127,0,0,20,0.00014999999999999982,0
347,46,0,0,19,0.00014999999999999982,0
348,235,0,0,13,0.00014999999999999982,0
349,538,0,0,20,0.00014999999999999982,0
350,241,0,0,23,0.00014999999999999982,0
351,590,0,0,26,0.00014999999999999982,0
352,358,0,0,23,0.00014999999999999982,0
353,959,0,0,17,0.00014999999999999982,0
354,848,0,4,17,0.0005029303029205008,0
355,792,0,2,22,0.0005347670576588462,0
356,325,0,0,48,0.00014999999999999982,0
357,899,0,0,24,0.00014999999999999982,0
358,809,0,0,44,0.00014999999999999982,0
359,350,0,0,22,0.00014999999999999982,0
360,363,0,0,26,0.00014999999999999982,0
361,17,0,0,45,0.00014999999999999982,0
362,186,0,0,20,0.00014999999999999982,0
363,402,0,0,23,0.00014999999999999982,0
364,338,0,0,23,0.00014999999999999982,0
365,206,0,0,13,0.00014999999999999982,0
366,963,0,0,40,0.00014999999999999982,0
367,345,0,3,14,0.0008788772074898356,0
368,313,0,1,27,0.00021378389786299272,0
369,242,0,2,42,0.0002020462266697607,0
370,913,0,0,24,0.00014999999999999982,0
371,170,0,0,40,0.00014999999999999982,0
372,187,0,0,32,0.00014999999999999982,0
373,934,0,1,21,0.00035675766487597017,0
374,133,0,1,22,0.0004348235244990141,0
375,301,0,0,53,0.00014999999999999982,0
376,731,0,0,20,0.00014999999999999982,0
377,670,0,0,21,0.00014999999999999982,0
378,318,0,2,44,0.00022559583343009201,0
379,78,0,0,20,0.00014999999999999982,0
380,521,0,1,15,0.0002251210772942433,0
381,346,0,2,37,0.00031909205600080896,0
382,198,0,2,24,0.00025547500775122557,0
383,865,0,0,34,0.00014999999999999982,0
384,548,0,0,26,0.00014999999999999982,0
385,915,0,0,23,0.00014999999999999982,0
386,588,0,2,20,0.00025967519532977006,0
387,447,0,3,21,0.00040621734063580505,0
388,21,0,0,149,0.00014999999999999982,0
389,724,0,0,39,0.00014999999999999982,0
390,718,0,0,55,0.00014999999999999982,0
391,250,0,0,16,0.00014999999999999982,0
392,243,0,1,53,0.00018588742274003805,0
393,571,0,0,24,0.00014999999999999982,0
394,35,0,0,25,0.00014999999999999982,0
395,81,0,0,38,0.00014999999999999982,0
396,159,0,3,74,0.0007663198102861266,0
397,333,0,2,19,0.00040201678545906015,0
398,837,0,0,18,0.00014999999999999982,0
399,474,0,0,15,0.00014999999999999982,0
400,671,0,0,18,0.00014999999999999982,0
401,109,0,2,32,0.0003375613652291823,0
402,661,0,0,55,0.00014999999999999982,0
403,379,0,0,23,0.00014999999999999982,0
404,625,0,1,19,0.00045763010175908916,0
405,603,0,0,21,0.00014999999999999982,0
406,92,0,2,39,0.00017082171126800948,0
407,451,0,0,22,0.00014999999999999982,0
408,652,0,0,56,0.00014999999999999982,0
409,822,0,0,38,0.00014999999999999982,0
410,855,0,0,47,0.00014999999999999982,0
411,390,0,1,75,0.00032312141381662685,3
412,577,0,1,21,0.00023867914127294234,0
413,985,0,1,24,0.00019265068561299692,0
414,422,0,0,21,0.00014999999999999982,0
415,211,0,1,43,0.00018131441746410985,0
416,171,0,1,23,0.0005797922662770197,0
417,165,0,0,19,0.00014999999999999982,0
418,238,0,1,28,0.0001565465259046637,0
419,188,0,1,31,0.0002517861378599989,0
420,685,0,0,20,0.00014999999999999982,0
421,803,0,1,77,0.0002454093115812379,0
422,344,0,3,16,0.0003122282235530659,0
423,741,0,1,15,0.00016621545855143428,0
424,453,0,0,23,0.00014999999999999982,0
425,646,0,0,94,0.00014999999999999982,0
426,830,0,0,31,0.00014999999999999982,0
427,155,0,0,20,0.00014999999999999982,0
428,487,0,0,22,0.00014999999999999982,0
429,597,0,0,27,0.00014999999999999982,0
430,988,0,0,20,0.00014999999999999982,0
431,125,0,0,38,0.00014999999999999982,0
432,66,0,0,30,0.00014999999999999982,0
433,908,0,0,13,0.00014999999999999982,0
434,511,0,0,33,0.00014999999999999982,0
435,224,0,1,34,0.00020147600631329116,0
436,268,0,0,12,0.00014999999999999982,0
437,161,0,0,18,0.00014999999999999982,0
438,813,0,1,50,0.00032312141381662685,4
439,618,0,1,17,0.00028482646727283356,0
440,676,0,0,18,0.00014999999999999982,0
441,178,0,0,18,0.00014999999999999982,0
442,950,0,1,16,0.00026922032447270606,0
443,415,0,2,17,0.0007237281583144875,0
444,100,0,1,17,0.00019561315418950798,0
445,733,0,0,57,0.00014999999999999982,0
446,689,0,0,32,0.00014999999999999982,0
447,229,0,0,14,0.00014999999999999982,0
448,334,0,0,21,0.00014999999999999982,0
449,627,0,0,25,0.00014999999999999982,0
450,702,0,0,22,0.00014999999999999982,0
451,878,0,0,21,0.00014999999999999982,0
452,482,0,0,22,0.00014999999999999982,0
453,919,0,0,37,0.00014999999999999982,0
454,220,0,0,36,0.00014999999999999982,0
455,391,0,0,21,0.00014999999999999982,0
456,912,0,1,24,0.00018244710771915377,0
457,427,0,0,28,0.00014999999999999982,0
458,309,0,0,17,0.00014999999999999982,0
459,775,0,0,56,0.00014999999999999982,0
460,885,0,3,28,0.0008760882019259594,0
461,15,0,2,97,0.00028051207842319314,0
462,493,0,0,52,0.00014999999999999982,0
463,245,0,0,18,0.00014999999999999982,0
464,898,0,0,27,0.00014999999999999982,0
465,6,0,0,46,0.00014999999999999982,0
466,613,0,1,20,0.00019265068561299692,0
467,533,0,1,22,0.0002458259396802813,0
468,397,0,0,17,0.00014999999999999982,0
469,721,0,1,20,0.00021939447124600585,0
470,858,0,0,18,0.00014999999999999982,0
471,691,0,0,44,0.00014999999999999982,0
472,104,0,0,42,0.00014999999999999982,0
473,303,0,0,24,0.00014999999999999982,0
474,549,0,1,17,0.00027623395483739445,0
475,729,0,0,15,0.00014999999999999982,0
476,208,0,1,23,0.00028482646727283356,0
477,302,0,1,15,0.00021903925632106412,0
478,51,0,0,38,0.00014999999999999982,0
479,90,0,0,33,0.00014999999999999982,0
480,354,0,0,57,0.00014999999999999982,0
481,632,0,1,21,0.00020498896398657334,0
482,460,0,0,17,0.00014999999999999982,0
483,22,0,0,33,0.00014999999999999982,0
484,374,0,0,34,0.00014999999999999982,0
485,546,0,3,18,0.0004625611826818629,0
486,439,0,1,32,0.00041482285476796964,0
487,218,0,2,48,0.000580953793549691,0
488,737,0,0,37,0.00014999999999999982,0
489,505,0,0,37,0.00014999999999999982,0
490,605,0,1,28,0.0003883417316773522,0
491,801,0,0,23,0.00014999999999999982,0
492,948,0,0,36,0.00014999999999999982,0
493,683,0,1,37,0.0002454093115812379,0
494,205,0,1,15,0.0002490241886071544,0
495,647,0,0,44,0.00014999999999999982,0
496,190,0,0,33,0.00014999999999999982,0
497,361,0,1,37,0.0002224529831714949,0
498,664,0,0,22,0.00014999999999999982,0
499,375,0,0,40,0.00014999999999999982,0
500,631,0,0,41,0.00014999999999999982,0
501,185,0,0,18,0.00014999999999999982,0
502,732,0,2,48,0.00028091934329256134,0
503,404,0,0,12,0.00014999999999999982,0
504,194,0,1,25,0.0002548086909245598,0
505,564,0,2,32,0.0002785411604495641,0
506,401,0,1,21,0.00032849038830494014,0
507,530,0,0,18,0.00014999999999999982,0
508,656,0,0,23,0.00014999999999999982,0
509,441,0,0,19,0.00014999999999999982,0
510,132,0,0,29,0.00014999999999999982,0
511,233,0,3,24,0.0007516220751323367,0
512,173,0,1,37,0.0002902588286755846,0
513,428,0,0,27,0.00014999999999999982,0
514,567,0,0,21,0.00014999999999999982,0
515,967,0,0,21,0.00014999999999999982,0
516,758,0,0,57,0.00014999999999999982,0
517,626,0,0,15,0.00014999999999999982,0
518,96,0,0,21,0.00014999999999999982,0
519,781,0,0,27,0.00014999999999999982,0
520,499,0,0,21,0.00014999999999999982,0
521,74,0,0,44,0.00014999999999999982,0
522,89,0,1,41,0.0001795494885034803,0
523,609,0,0,23,0.00014999999999999982,0
524,0,0,0,65,0.00014999999999999982,0
525,392,0,0,29,0.00014999999999999982,0
526,476,0,0,14,0.00014999999999999982,0
527,799,0,0,23,0.00014999999999999982,0
528,519,0,0,17,0.00014999999999999982,0
529,107,0,2,85,0.00023166760319890715,0
530,708,0,0,17,0.00014999999999999982,0
531,634,0,0,22,0.00014999999999999982,0
532,223,0,1,16,0.0003883417316773522,0
533,327,0,0,59,0.00014999999999999982,0
534,102,0,0,20,0.00014999999999999982,0
535,704,0,0,35,0.00014999999999999982,0
536,475,0,0,22,0.00014999999999999982,0
537,213,0,0,19,0.00014999999999999982,0
538,135,0,1,43,0.00016105782083100846,0
539,246,0,0,24,0.00014999999999999982,0
540,970,0,0,23,0.00014999999999999982,0
541,891,0,0,16,0.00014999999999999982,0
542,619,0,1,21,0.0002224529831714949,0
543,815,0,0,24,0.00014999999999999982,0
544,365,0,0,28,0.00014999999999999982,0
545,812,0,0,22,0.00014999999999999982,0
546,26,0,0,18,0.00014999999999999982,0
547,642,0,1,28,0.00019644770587189252,0
548,417,0,0,23,0.00014999999999999982,0
549,907,0,0,28,0.00014999999999999982,0
550,921,0,1,18,0.0006457314349591074,0
551,3,0,0,78,0.00014999999999999982,0
552,134,0,0,14,0.00014999999999999982,0
553,355,0,2,24,0.0002845549777527345,0
554,877,0,0,15,0.00014999999999999982,0
555,768,0,0,61,0.00014999999999999982,0
556,836,0,0,23,0.00014999999999999982,0
557,561,0,2,98,0.0009118490614391898,0
558,892,0,0,37,0.00014999999999999982,0
559,225,0,0,23,0.00014999999999999982,0
560,820,0,0,37,0.00014999999999999982,0
561,369,0,0,55,0.00014999999999999982,0
562,681,0,0,33,0.00014999999999999982,0
563,339,0,1,12,0.00021044291955107797,0
564,419,0,0,22,0.00014999999999999982,0
565,829,0,0,18,0.00014999999999999982,0
566,951,0,0,110,0.00014999999999999982,0
567,454,0,0,17,0.00014999999999999982,0
568,63,0,0,131,0.00014999999999999982,0
569,759,0,0,37,0.00014999999999999982,0
570,360,0,2,44,0.0003250522541805265,0
571,237,0,0,20,0.00014999999999999982,0
572,112,0,0,13,0.00014999999999999982,0
573,640,0,0,21,0.00014999999999999982,0
574,532,0,1,50,0.0001624424046859215,0
575,126,0,0,36,0.00014999999999999982,0
576,259,0,0,26,0.00014999999999999982,0
577,742,0,0,20,0.00014999999999999982,0
578,761,0,0,21,0.00014999999999999982,0
579,137,0,0,19,0.00014999999999999982,0
580,7,0,0,14,0.00014999999999999982,0
581,502,0,0,17,0.00014999999999999982,0
582,831,0,0,19,0.00014999999999999982,0
583,762,0,0,35,0.00014999999999999982,0
584,851,0,0,19,0.00014999999999999982,0
585,407,0,4,18,0.00045095147801702863,0
586,692,0,0,14,0.00014999999999999982,0
587,353,0,0,47,0.00014999999999999982,0
588,153,0,1,17,0.00035707105195231824,0
589,566,0,2,25,0.00025470855583894684,0
590,542,0,0,19,0.00014999999999999982,0
591,343,0,0,63,0.00014999999999999982,0
592,887,0,2,24,0.0003000643915076701,0
593,997,0,0,23,0.00014999999999999982,0
594,825,0,0,20,0.00014999999999999982,0
595,56,0,1,16,0.0002022524773507276,0
596,400,0,0,20,0.00014999999999999982,0
597,572,0,0,19,0.00014999999999999982,0
598,473,0,1,42,0.0003049214760608802,0
599,468,0,0,34,0.00014999999999999982,0
600,651,0,0,22,0.00014999999999999982,0
601,669,0,0,63,0.00014999999999999982,0
602,504,0,0,34,0.00014999999999999982,0
603,900,0,1,47,0.00026922032447270606,0
604,649,0,1,14,0.00027672297856180794,0
605,931,0,1,35,0.0007822963567243978,0
606,300,0,3,80,0.0006331369007084555,0
607,674,0,2,20,0.00022853810835303515,0
608,665,0,0,37,0.00014999999999999982,0
609,570,0,0,27,0.00014999999999999982,0
610,163,0,0,22,0.00014999999999999982,0
611,336,0,0,25,0.00014999999999999982,0
612,59,0,1,30,0.0001784386791527847,0
613,821,0,1,30,0.00015630817974053793,0
614,933,0,0,21,0.00014999999999999982,0
615,490,0,0,18,0.00014999999999999982,0
616,787,0,0,22,0.00014999999999999982,0
617,449,0,0,24,0.00014999999999999982,0
618,703,0,3,26,0.0012315536834251169,0
619,437,0,0,9,0.00014999999999999982,0
620,563,0,0,22,0.00014999999999999982,0
621,720,0,0,44,0.00014999999999999982,0
622,890,0,1,31,0.0001795494885034803,0
623,219,0,1,20,0.0004356087909799232,0
624,678,0,0,27,0.00014999999999999982,0
625,586,0,0,18,0.00014999999999999982,0
626,282,0,0,18,0.00014999999999999982,0
627,348,0,0,79,0.00014999999999999982,0
628,686,0,0,30,0.00014999999999999982,0
629,4,0,0,25,0.00014999999999999982,0
630,995,0,1,21,0.0003606969210154698,0
631,463,0,0,41,0.00014999999999999982,0
632,776,0,0,17,0.00014999999999999982,0
633,682,0,0,19,0.00014999999999999982,0
634,879,0,0,17,0.00014999999999999982,0
635,517,0,0,28,0.00014999999999999982,0
636,573,0,1,24,0.0003091396601454484,0
637,793,0,1,21,0.00028482646727283356,0
638,893,0,0,28,0.00014999999999999982,0
639,534,0,0,20,0.00014999999999999982,0
640,903,0,0,16,0.00014999999999999982,0
641,276,0,1,20,0.00027635435977873537,0
642,284,0,1,22,0.00027672297856180794,0
643,470,0,0,52,0.00014999999999999982,0
644,426,0,0,23,0.00014999999999999982,0
645,281,0,0,26,0.00014999999999999982,0
646,120,0,0,16,0.00014999999999999982,0
647,593,0,0,24,0.00014999999999999982,0
648,981,0,0,19,0.00014999999999999982,0
649,13,0,2,15,0.0006018183576681679,0
650,655,0,0,45,0.00014999999999999982,0
651,455,0,0,20,0.00014999999999999982,0
652,584,0,1,38,0.0006969396639060962,0
653,955,0,1,17,0.00016675632907401858,0
654,160,0,0,17,0.00014999999999999982,0
655,977,0,0,27,0.00014999999999999982,0
656,973,0,0,21,0.00014999999999999982,0
657,715,0,0,43,0.00014999999999999982,0
658,744,0,0,15,0.00014999999999999982,0
659,195,0,0,20,0.00014999999999999982,0
660,191,0,0,17,0.00014999999999999982,0
661,628,0,0,34,0.00014999999999999982,0
662,536,0,0,25,0.00014999999999999982,0
663,880,0,0,20,0.00014999999999999982,0
664,164,0,0,32,0.00014999999999999982,0
665,106,0,0,25,0.00014999999999999982,0
666,16,0,0,60,0.00014999999999999982,0
667,575,0,1,35,0.00026375574934917436,0
668,925,0,0,19,0.00014999999999999982,0
669,712,0,0,45,0.00014999999999999982,0
670,540,0,0,27,0.00014999999999999982,0
671,329,0,1,41,0.00030071617165629906,0
672,480,0,1,35,0.0005392601667292864,0
673,498,0,1,31,0.0007275270008974963,0
674,968,0,0,21,0.00014999999999999982,0
675,405,0,1,32,0.00016867131356984702,0
676,743,0,0,21,0.00014999999999999982,0
677,93,0,0,38,0.00014999999999999982,0
678,433,0,0,38,0.00014999999999999982,0
679,83,0,0,43,0.00014999999999999982,0
680,843,0,0,47,0.00014999999999999982,0
681,914,0,0,28,0.00014999999999999982,0
682,657,0,2,30,0.00018358463566959277,0
683,414,0,0,47,0.00014999999999999982,0
684,662,0,1,22,0.00032312141381662685,4
685,978,0,0,21,0.00014999999999999982,0
686,771,0,0,16,0.00014999999999999982,0
687,728,0,0,16,0.00014999999999999982,0
688,911,0,0,25,0.00014999999999999982,0
689,807,0,0,24,0.00014999999999999982,0
690,322,0,0,39,0.00014999999999999982,0
691,556,0,0,21,0.00014999999999999982,0
692,357,0,0,17,0.00014999999999999982,0
693,69,0,0,29,0.00014999999999999982,0
694,514,0,1,20,0.0001565465259046637,0
695,509,0,0,23,0.00014999999999999982,0
696,340,0,1,35,0.0006969396639060962,0
697,221,0,0,22,0.00014999999999999982,0
698,928,0,2,44,0.0002314408949882067,0
699,146,0,0,24,0.00014999999999999982,0
700,289,0,1,40,0.0006763938320654099,0
701,29,0,0,25,0.00014999999999999982,0
702,114,0,0,22,0.00014999999999999982,0
703,508,0,0,40,0.00014999999999999982,0
704,810,0,2,22,0.0002506021181760815,0
705,972,0,0,22,0.00014999999999999982,0
706,176,0,0,37,0.00014999999999999982,0
707,168,0,0,32,0.00014999999999999982,0
708,347,0,0,45,0.00014999999999999982,0
709,376,0,0,45,0.00014999999999999982,0
710,764,0,0,17,0.00014999999999999982,0
711,871,0,0,13,0.00014999999999999982,0
712,889,0,1,21,0.00022747493822175202,0
713,772,0,0,27,0.00014999999999999982,0
714,189,0,0,23,0.00014999999999999982,0
715,136,0,0,60,0.00014999999999999982,0
716,446,0,1,18,0.0006941786698110069,0
717,839,0,0,19,0.00014999999999999982,0
718,254,0,0,34,0.00014999999999999982,0
719,881,0,0,19,0.00014999999999999982,0
720,290,0,1,38,0.00018974257010899616,0
721,941,0,0,179,0.00014999999999999982,0
722,954,0,3,23,0.0003065523567522784,0
723,232,0,0,14,0.00014999999999999982,0
724,645,0,0,52,0.00014999999999999982,0
725,33,0,0,18,0.00014999999999999982,0
726,88,0,0,26,0.00014999999999999982,0
727,44,0,2,40,0.00040394833478297603,0
728,341,0,1,14,0.00019874303508048548,0
729,61,0,0,64,0.00014999999999999982,0
730,953,0,0,33,0.00014999999999999982,0
731,199,0,0,17,0.00014999999999999982,0
732,429,0,0,24,0.00014999999999999982,0
733,747,0,2,36,0.00020918042292696762,0
734,394,0,0,20,0.00014999999999999982,0
735,730,0,0,25,0.00014999999999999982,0
736,297,0,0,24,0.00014999999999999982,0
737,73,0,0,35,0.00014999999999999982,0
738,393,0,0,57,0.00014999999999999982,0
739,547,0,0,24,0.00014999999999999982,0
740,579,0,3,21,0.0008643141441085671,0
741,541,0,1,53,0.00019561315418950798,0
742,854,0,0,23,0.00014999999999999982,0
743,833,0,0,27,0.00014999999999999982,0
744,840,0,0,37,0.00014999999999999982,0
745,663,0,0,22,0.00014999999999999982,0
746,217,0,1,39,0.00015793675995275344,0
747,539,0,0,19,0.00014999999999999982,0
748,828,0,0,21,0.00014999999999999982,0
749,623,0,1,20,0.00028482646727283356,0
750,668,0,0,20,0.00014999999999999982,0
751,824,0,1,16,0.00016675632907401858,0
752,421,0,0,33,0.00014999999999999982,0
753,694,0,0,21,0.00014999999999999982,0
754,138,0,0,22,0.00014999999999999982,0
755,212,0,0,19,0.00014999999999999982,0
756,616,0,2,22,0.000392984223907242,0
757,842,0,0,17,0.00014999999999999982,0
758,838,0,0,23,0.00014999999999999982,0
759,866,0,0,29,0.00014999999999999982,0
760,727,0,0,37,0.00014999999999999982,0
761,965,0,1,63,0.00019644770587189252,0
762,701,0,0,22,0.00014999999999999982,0
763,726,0,1,23,0.00032849038830494014,0
764,917,0,0,27,0.00014999999999999982,0
765,716,0,2,12,0.0007166885098934039,0
766,234,0,0,16,0.00014999999999999982,0
767,67,0,0,44,0.00014999999999999982,0
768,24,0,0,37,0.00014999999999999982,0
769,381,0,0,20,0.00014999999999999982,0
770,216,0,0,18,0.00014999999999999982,0
771,735,0,0,74,0.00014999999999999982,0
772,129,0,0,36,0.00014999999999999982,0
773,349,0,0,38,0.00014999999999999982,0
774,111,0,1,16,0.00018244710771915377,0
775,166,0,1,18,0.00016273271705507492,0
776,207,0,0,23,0.00014999999999999982,0
777,438,0,0,15,0.00014999999999999982,0
778,552,0,1,15,0.00016675632907401858,0
779,274,0,0,24,0.00014999999999999982,0
780,974,0,2,18,0.00028092941775027965,0
781,591,0,0,23,0.00014999999999999982,0
782,800,0,0,14,0.00014999999999999982,0
783,937,0,0,25,0.00014999999999999982,0
784,525,0,0,18,0.00014999999999999982,0
785,287,0,0,19,0.00014999999999999982,0
786,469,0,1,15,0.00015353747888513497,0
787,326,0,0,42,0.00014999999999999982,0
788,121,0,0,23,0.00014999999999999982,0
789,994,0,0,14,0.00014999999999999982,0
790,507,0,0,15,0.00014999999999999982,0
791,228,0,1,16,0.0002251210772942433,0
792,673,0,5,87,0.0005999176863313382,0
793,595,0,0,16,0.00014999999999999982,0
794,445,0,0,37,0.00014999999999999982,0
795,117,0,1,98,0.0004006350266476719,0
796,464,0,0,51,0.00014999999999999982,0
797,25,0,0,25,0.00014999999999999982,0
798,110,0,0,29,0.00014999999999999982,0
799,149,0,0,18,0.00014999999999999982,0
800,152,1,833,41,0.026248711770306275,0
801,528,1,32,28,0.0011474850870258385,0
802,696,1,252,85,0.007326676130811829,282
803,621,1,43,23,0.0006197198673711326,0
804,461,1,119,46,0.0034518950505974134,0
805,598,1,10,23,0.0002610465996825088,0
806,139,1,238,21,0.007227395821886013,2
807,749,1,107,18,0.003834012918308036,232
808,260,1,455,78,0.012372456929312714,533
809,961,1,2,20,0.00045644564009973806,0
810,323,1,2,18,0.00015894203244274792,0
811,897,1,219,40,0.0060839825820553734,504
812,248,1,845,39,0.026498364534680463,0
813,450,1,5,21,0.00016173769882110744,0
814,410,1,115,71,0.0032740681709863976,0
815,607,1,195,18,0.004926702996727379,8
816,19,1,473,21,0.013004958340777618,311
817,328,1,123,28,0.003489431945498213,0
818,296,1,126,19,0.003309658981377529,1
819,269,1,67,21,0.0026854621651839815,0
820,226,1,168,25,0.004698357351423746,0
821,94,1,62,19,0.0015406489340926124,0
822,515,1,32,19,0.000719200204533196,0
823,841,1,509,38,0.01276834795304712,444
824,637,1,220,43,0.005016170427766748,0
825,280,1,594,45,0.017766850852422873,96
826,286,1,418,22,0.01203835526242345,441
827,589,1,42,23,0.0018236929191286983,0
828,930,1,376,23,0.010058962067582613,61
829,444,1,73,20,0.0016244293404492536,2
830,184,1,79,53,0.002410657005617811,1
831,371,1,314,34,0.007876551308043565,1
832,872,1,214,35,0.007349612283703118,24
833,976,1,170,34,0.003631811029810082,0
834,275,1,11,28,0.0002724961566767692,0
835,806,1,7,15,0.0002943847772042574,0
836,935,1,284,47,0.008799652897683242,332
837,182,1,47,36,0.001489361086712553,0
838,32,1,67,44,0.001166044536920091,0
839,80,1,60,39,0.0020188332369009978,0
840,307,1,26,36,0.0004683198137739165,0
841,770,1,247,27,0.007889657787972994,0
842,11,1,133,72,0.0026525553840444516,0
843,43,1,27,18,0.0010217668778338322,0
844,86,1,14,17,0.0008058290967712581,0
845,778,1,5,28,0.00017478803678181178,0
846,36,1,249,18,0.007200531890104514,165
847,980,1,50,20,0.001252883974035169,0
848,58,1,281,15,0.008094440610776351,4
849,41,1,12,16,0.00023681878901508598,0
850,782,1,180,16,0.0038190028453123762,0
851,411,1,338,41,0.008346090140477828,10
852,562,1,31,15,0.0010287109617046688,0
853,209,1,10,34,0.0003174730825962506,0
854,148,1,106,24,0.0016253867565162471,0
855,739,1,94,34,0.002538405684269537,6
856,594,1,244,23,0.007706981070517169,67
857,123,1,42,34,0.001664193527738007,0
858,734,1,13,17,0.0003738166365572185,0
859,574,1,154,31,0.003477794253912462,2
860,98,1,21,35,0.00040971100131785066,0
861,377,1,112,88,0.004415662165419477,256
862,130,1,35,22,0.0017055057880202991,0
863,699,1,1,22,0.00015638009208137976,0
864,23,1,67,21,0.0017899721411776444,0
865,869,1,208,24,0.0056864689519752955,5
866,555,1,79,21,0.002495367933331225,5
867,370,1,133,24,0.004255524452604737,204
868,512,1,137,23,0.0036397071755905094,0
869,383,1,20,20,0.0005182190347681311,0
870,201,1,97,26,0.0029311433069726576,66
871,368,1,409,24,0.01149018800614017,7
872,554,1,210,75,0.007241704681592567,58
873,610,1,130,40,0.0021075052634976087,0
874,387,1,165,45,0.0036930813157628234,0
875,861,1,49,22,0.0005701441886596386,0
876,816,1,89,19,0.002077989297856124,0
877,292,1,118,26,0.003839679599548308,468
878,690,1,45,31,0.001105989349419965,0
879,256,1,2,21,0.00015321012454801107,0
880,606,1,155,43,0.0048266233755189,75
881,197,1,144,25,0.0020745770764856787,0
882,95,1,237,41,0.005486976783711901,0
883,962,1,262,38,0.006925915386720967,1
884,943,1,30,26,0.0005710912909069892,0
885,169,1,206,38,0.006270384221959018,6
886,581,1,11,26,0.00038057302519987657,0
887,305,1,293,14,0.007079004596027921,0
888,560,1,31,25,0.0006318056007508861,0
889,853,1,86,37,0.0026310165852751963,0
890,373,1,0,16,0.00014999999999999982,0
891,719,1,27,19,0.0009264800653607504,1
892,791,1,104,27,0.0018992232255616282,0
893,227,1,15,19,0.00029511601661788225,0
894,660,1,107,23,0.0031252802784192913,1
895,143,1,170,31,0.004402272586421619,0
896,846,1,13,19,0.0005059848024479302,1
897,180,1,75,26,0.0014633651924658543,1
898,868,1,14,17,0.0005139664128120471,0
899,131,1,33,17,0.0009748774120830793,0
900,949,1,54,25,0.0009573574377392305,0
901,47,1,7,19,0.0003267998908955955,0
902,774,1,80,23,0.0028821758135819564,1
903,324,1,74,39,0.0013048439163089755,0
904,203,1,614,18,0.017107664120836436,208
905,84,1,4,16,0.00018115107317975916,0
906,633,1,61,17,0.002028828718416819,0
907,565,1,25,26,0.0008645454957623029,0
908,611,1,86,84,0.0016558773320612887,1
909,398,1,236,19,0.007690042263251399,43
910,896,1,268,25,0.008143933050901742,27
911,91,1,26,14,0.0006968898706448482,0
912,82,1,323,19,0.009945344929620788,162
913,430,1,139,27,0.004502172011841801,0
914,779,1,76,36,0.0018063546054579258,0
915,119,1,72,31,0.001560214912294975,0
916,870,1,143,24,0.004654582916857268,0
917,291,1,6,14,0.000186920704204343,0
918,57,1,483,23,0.013413844121524313,510
919,321,1,486,21,0.015621461929426532,422
920,257,1,34,20,0.0011029915289503033,0
921,888,1,21,34,0.00048341769601390524,0
922,947,1,118,20,0.0030820386431500476,1
923,442,1,2,23,0.0001706917776553519,0
924,42,1,344,37,0.009171606550445239,351
925,617,1,60,24,0.0013007296527457392,0
926,388,1,163,39,0.005814277151405324,1
927,335,1,567,25,0.016086493720691576,314
928,273,1,12,44,0.00023664164264233095,0
929,756,1,110,15,0.0036486219555741297,0
930,488,1,112,28,0.0024244259471824466,0
931,550,1,223,42,0.006237508506087772,0
932,901,1,52,15,0.0010911730504470818,1
933,53,1,224,19,0.005602338609876592,11
934,932,1,6,14,0.00026840885102555865,0
935,936,1,369,25,0.009321166836858331,4
936,128,1,88,66,0.0035417583614922575,0
937,802,1,307,23,0.010532873133913443,673
938,28,1,287,22,0.010056840417492142,664
939,183,1,63,25,0.0017790385195162425,1
940,882,1,11,25,0.0005005098163970838,0
941,459,1,5,21,0.00020733348905396042,0
942,510,1,193,65,0.004600913625483864,0
943,675,1,77,17,0.002068730968116931,0
944,151,1,73,56,0.0015882251828545294,0
945,244,1,184,18,0.005607975420651564,2
946,714,1,321,32,0.007128939750173634,0
947,543,1,130,73,0.003082059406034914,1
948,544,1,142,21,0.003652015023174173,0
949,639,1,233,24,0.007089768376344795,112
950,697,1,336,70,0.008154825773553333,1
951,265,1,123,21,0.0034886546130736234,0
952,288,1,98,35,0.0025869021294345424,1
953,423,1,122,38,0.0031023124789031475,0
954,910,1,115,18,0.0024046248461929974,0
955,147,1,168,90,0.004917994067513991,131
956,659,1,218,42,0.0058718624906147435,1
957,797,1,146,44,0.006171394189830741,6
958,966,1,98,26,0.001682068077807822,1
959,177,1,57,20,0.0023950126226224304,0
960,99,1,143,67,0.0031326711045546645,0
961,850,1,38,21,0.0007300396055057728,1
962,448,1,534,29,0.012825642040541565,7
963,431,1,1,37,0.00015398437499999982,0
964,847,1,234,60,0.005302676680164916,2
965,709,1,31,27,0.0006982638974559237,0
966,755,1,99,42,0.0025435261649711404,0
967,115,1,92,47,0.0028893116235943457,0
968,916,1,49,23,0.0013226740825626113,0
969,777,1,20,19,0.00048203119605237687,1
970,72,1,29,36,0.0005392507844471914,0
971,845,1,72,43,0.001641435390408113,0
972,537,1,642,16,0.018884311526838952,28
973,677,1,444,41,0.014838580657194305,539
974,849,1,196,25,0.0051335406924543124,0
975,983,1,223,47,0.006986630289554415,1
976,174,1,99,21,0.002266250758352816,0
977,87,1,317,36,0.010094493983362651,442
978,551,1,725,103,0.02097834807716364,1
979,486,1,115,40,0.004173129822913082,108
980,705,1,130,18,0.002599045641522485,0
981,314,1,164,18,0.00438498095593049,0
982,396,1,225,16,0.006662608475060109,436
983,600,1,134,23,0.003200589533904735,1
984,472,1,15,23,0.0004387541497516512,0
985,70,1,184,23,0.004849376729705342,14
986,599,1,79,23,0.002220790519335603,1
987,804,1,153,20,0.004500484361296245,22
988,754,1,0,23,0.00014999999999999982,0
989,277,1,81,24,0.0025382854878911783,27
990,723,1,95,16,0.0016965613504705632,0
991,9,1,54,16,0.0030772195217241382,0
992,359,1,77,53,0.0024513345452900842,0
993,707,1,10,20,0.00020228648943480077,0
994,763,1,106,20,0.004768363298992717,1
995,835,1,25,33,0.0003577302674834159,0
996,192,1,110,22,0.0027126549043989118,0
997,629,1,54,16,0.0012692174861233198,0
998,559,1,10,15,0.0005895745389211331,0
999,684,1,111,38,0.0034635102456341284,3
